933831851
1388399428
734370379
2914883477
1934246813
1778251850
3102387934
2184738913
2934097965
1956588335
1504031267
2434132259
1906088407
3032490582
2864587679
4233157654
953218250
1545079332
886995462
3086193490
409514453
2279142182
1095894979
1654089056
3952663938
4282019580
3777295871
305320071
7143189
2909404712
4017932238
2802539097
764432065
1348555135
3103144308
3104643149
603095830
3466970792
2427880799
3244012867
618246392
389494496
2015991939
526295265
1164861071
2504110412
3043181990
3583322939
3650821463
2755347468
3424519397
933559951
619178879
3612685875
3194007225
3138807119
542539438
924259603
1304643943
2802098414
1266853322
690849662
1217477368
844086813
1078357909
943718301
1130601231
3976403280
3882109306
2907745008
911311690
3707540731
2213304029
2011224851
2020252446
1196781988
4023793016
1821125682
385414562
2347300416
3129009441
366818079
652321402
2196440863
4111325041
674762852
4030506789
3421594215
4024872715
3532637184
3493057494
4140998343
619016806
2496620625
3485350011
4231733118
3587452388
1075863395
938755807
822961474
1658344327
3664042467
2357870240
3359356656
1557070495
3163594538
2479953750
4148569144
375877945
2490850085
2085508136
4193490688
4145670277
748146452
1975307650
3859825215
3167888497
2905685162
1292979992
44060036
2701226232
2297898402
3600000620
2030054462
2864325627
1019430579
427598893
2607713777
2320212322
2475699815
3337564969
1805675557
1548005561
3012426601
3033395470
4161474298
1212820061
97086905
620889369
2758707424
215111925
1850731145
1556537670
2048265504
224965813
2012026632
1097875334
4246183162
3030051271
1636129590
1314603564
2413888034
2809375046
2040217841
1288134514
159099003
1616262169
2802584821
2538919007
1347125628
1075351916
2338627393
1117361192
2097850244
2897377266
4271960965
3010856283
3583858507
3116585926
691886557
3488486405
902012573
2857344475
3314098705
684790345
482624307
3647070644
2361362757
3288201815
1756304277
2530932856
316662180
3172703788
1531171418
3804922515
3168755174
1780646606
1271033295
1245057921
3876649184
3345734507
2883762558
2671730146
2044926763
640323917
3449872775
1575827384
2006700205
1719776527
3501721118
3412978571
2865067754
3581755700
1723430291
1927301799
1375057718
2605844245
1651579992
2364535593
1716586508
3059640577
4183027129
1094670148
2821637646
624497208
3955843496
796739553
4013386850
511308298
1217004843
4016995268
2918363467
442693546
3239069834
3335780498
114899184
3397114375
3985606537
3373245789
806480418
1116588610
1438760543
2447825792
3448721674
3308442440
1788181985
2109263401
3139274536
258027917
2697637622
1650340034
1143209760
1130460319
178041181
4091646786
3129894645
838542810
2235256377
3616319996
181779472
3582253639
722563469
11943292
1593756893
2693314432
3207344412
1865199254
987719637
1087298370
4287160193
641070736
1945212968
4262145542
2937655882
2249525087
3764335465
2988180557
3870889542
3215006480
3369277408
1975596511
2383459912
3532229145
719139061
3548637673
2627142799
2842534107
2083466060
2438880310
376657226
2139287338
1726666224
183230492
3028796282
4075603869
1004726367
3919334786
111701877
3221995449
1425509806
1502243484
478913051
241354569
2108089280
2651489801
2252214631
375720624
3156579406
1301627154
3335451812
52695609
940227148
2880587926
638284307
3396716676
947035365
3238196342
1612489437
1472262122
75336136
2018799247
3930841971
454297464
1743493727
716992646
1246802434
4071042236
1544019340
3203589580
2720921630
765167979
1395246421
314041963
4020499186
799635887
180341550
107698245
1028684462
330993169
2569123363
2243946963
4278146423
3013617022
2603988517
3489009024
1104422628
4123124185
377474930
2293787755
3225351618
3060042925
2139301976
3850799893
1165361924
777619397
2980524900
4201106871
1737997675
4227587668
2171820085
1324569502
2695853930
525034566
3781188430
2338324662
3170320453
691922299
959290081
4074422985
2059107661
684747623
950702776
1456430985
815315878
1258848546
2799878304
379677390
1845825209
1378385941
1750792644
2581421047
3686953707
3946466534
3867046855
664153360
3899311713
1012375618
2795583238
2553123033
832603302
2410407945
220887739
270031150
3274262895
1782095928
793200975
3473524025
1506063459
2121891805
1862230706
443364658
3260381770
305152236
4123072754
2871746964
4169954134
3367650254
2392326857
1900598881
1560475098
2839003053
1841466465
4072455711
29931867
3635664607
2560914880
634296400
2528047920
647971523
1670838975
1384039220
2028028580
3768387090
276432797
2552240617
712073652
2385589726
3426183113
3951588890
4002507530
2811192798
2229950158
1536658951
455813081
2794265026
3912497560
332284668
4279833491
3472609688
1408642922
1133001306
3074144108
1307819508
416503281
3515641631
1911482255
914396298
208289456
2148339078
3496208349
331605392
937772835
3872005714
1051198661
2248929238
1470677009
4106450023
4018667697
2793936300
982484811
2278286820
376723024
868599447
1274237866
2163780658
3668205319
4167991881
3521159632
2072240933
1812153363
2237038131
2109299850
2294509371
1461308638
305402206
3753583176
4055006120
938749597
1414872844
3020029153
1763343402
2336516775
1365152406
660253947
1979480595
2046751992
4084395132
189160688
92565488
3871485386
4143107648
283265383
2691903631
4123507850
2344333600
3968944006
2881985242
3218815255
344269999
1603568458
647382626
3216660114
3967802493
4072191052
2186343259
2915817319
1722603252
1855454452
779042451
4167935162
1268470656
2091088734
4057365107
3161302203
3423802304
2915096892
2203943775
1008446160
826926591
3581198714
747750685
3529796126
3777149998
3141331592
1794911128
3138242355
2696451534
3973705542
2090173285
2022619830
4139537637
2460381798
719421409
2953643785
701848105
4163587601
4222937692
3718047621
349723373
38281420
4171095315
368044905
1435972903
2328543636
591481876
2621581337
3457755755
2008315239
1476653507
581655354
1868615696
1908143210
2586348643
296314829
1983333974
3942485002
1212932624
3562838732
3284652867
3480260143
2556699336
1246624345
305101752
3721755136
1169119083
481259017
1603170110
1742195308
3688443239
3808402167
912108661
716549652
2397650165
673855318
2728250599
2490574164
69086098
3985044980
1573051559
2167255594
413910863
968668661
1269542152
2098768165
1115481506
1336127283
2832824115
3647150026
3924490793
1871874877
8785691
2501638175
2780118855
1025265129
707927308
11340341
480042730
2945946028
1211350060
490052995
90711686
1195410745
524715563
2003233877
2477309406
296083289
2861497615
3762703235
3362072295
2232112217
1830859028
976356113
1864762516
3421079924
3760831283
2509953825
3906279426
1286671775
3801228235
4224446605
1459284649
959820751
3971523744
829439070
3172250881
2141458217
2616775351
693432872
3728647487
972691286
3188843711
704573554
627674897
1529405332
2577361156
4264413460
941431860
1228406967
1303408562
4215063678
1382379752
3755793029
2288221191
489097547
2440904686
2851207875
4200324709
144244752
64092030
309197706
1178209527
1784445928
3726613976
182843007
2704163363
3477618714
3874931042
3889278475
2940906971
2493610993
802955254
3711891194
3732083978
2283923187
2289821240
2624498059
2906351586
2348053690
1461368679
806727758
168833126
71973234
3480977444
1145017084
3934148010
112166434
1417061937
677152014
1586052047
1382950184
13317052
1768692511
2334206006
755530699
106310815
3185333113
222523001
779162887
512574384
450306455
2705618799
2586537623
1751480356
2449094561
3396002092
3563792362
1143931807
497870715
1425679446
3235801827
1172644546
3237383375
1334624436
2615694902
2383836357
2798212469
117720278
2761048584
198104941
1465060325
626906174
2966328820
798120215
2469878020
3772850329
1872256708
2952002073
231335311
96439573
269259654
435244060
109677683
1205664021
150368852
2481482581
3318343342
387445557
296284854
2004207983
1753720422
286903519
177339056
3304253168
1195223045
3426816011
2185340595
344297746
532925408
979209761
2498439772
1891482189
3870876550
209512460
4231198665
1644309505
2713141511
215149692
957176622
165018059
3856886497
3338309499
2034823515
3681631381
3884015124
3883329784
1681401548
2200084279
861719444
508689205
3919969802
607371793
2570112902
256201877
4205023610
1477252012
536769497
3133422961
4279958262
200852737
82066307
3154638975
3559395900
983365930
1576224571
2730815103
3503499724
4003253
3836986623
2440553478
2455845008
178651310
2773343225
1497488178
3873246148
2326232647
1709574182
2622319181
3153975178
3387993595
3201694970
901299313
3707028884
3732627030
2872050745
218109857
1525303131
2799503775
1827243377
128125626
1879452938
4244186396
480338765
309209456
2410494888
824003539
3056496877
2515979951
3915658415
3214034020
3839670742
3509104796
26342422
984887785
1557387235
568440982
1960041251
864298998
2019892566
2046176090
3659501484
2742959081
1009905322
2739601944
2568819355
2135829458
1105006429
1644861124
3966348292
1908262013
1618233546
1187463765
2625021354
1538136131
3832874334
2947917201
2530679352
2290349799
823937142
1466255867
3428426893
796391961
2149501488
1734639980
1639920408
2297295777
2154383903
3275795862
3199667842
3275218656
3202723468
3627827753
3687214038
2718479386
1972129014
176605889
2572169004
1788839607
2767664103
1476025556
3294654272
113758629
287921610
2512945281
2061180096
3702485976
1820866003
2661101390
1115952008
4066314191
778765559
859269912
2280289646
1985516615
1829899535
4068675418
1047914296
3163541465
3703663905
2998240880
1440537582
368848859
2533778466
89637298
1569657002
189360935
4146959702
2629939203
1935490243
2899242162
2427774074
2543001868
2918963439
4196145006
1103373889
757619082
2607462358
73783367
2662989538
2838898600
3968285352
2098264166
364930790
3018238997
2621647501
2745387667
3304686512
2026420722
1088270559
2122024421
2435837923
2290615478
1296715983
1666392091
1451886888
504362668
1622294839
4269243363
3489738948
2547304850
3163393770
3065863143
3487958667
2065657198
2650533993
2361533111
227532076
3744393607
1261271580
2566719718
2581283971
1976417363
2102543219
2329896702
2899386213
2938658366
3127048494
1971971972
3572317244
1879308612
1637355643
1580580328
992674144
597752094
166255118
3543204922
975569097
885579922
376048062
2322375895
3724289388
3013275392
2958761272
1303767813
123154253
2814554321
1924196192
3201770113
4035562923
624881903
87937369
3250354823
1459964234
3877379146
3110826149
2172940318
3360871005
1644528034
408455883
2036377567
1002894806
1490244055
1678045823
3878157863
3447903093
1613634521
919752232
2436764599
1827151112
3215835959
1367214681
245660566
934012015
4105233324
2151509334
1336036658
4122175071
189207389
1874721938
3260594755
4117229032
1670552101
1099112122
2782244888
2883475064
33736057
885894528
638168241
2363875605
2608235425
3740224888
1529391466
3489581041
4029974537
1526636609
1879317622
335455502
1992037544
3368217301
577198708
753813901
4036371781
2316015842
1132297038
2937953357
2258674252
1703545013
3860632686
1678430295
2732830741
2626276973
3160528641
4255570773
1142910752
60612428
795441010
2790742955
2851955958
3588716120
764520264
951328272
1039182563
462494704
2024656887
2692415380
3427409235
2255550102
4173917544
200354973
2248974843
2372647393
2421664513
3397219212
2841808656
1537608176
3857195576
2221449368
329807127
2437170863
3694053417
4284048608
1746166687
1278694021
1546104377
2653438530
2814100617
3844140983
2758494648
1084486898
1246626043
2513871828
2480600394
1765492219
1125872530
1406775031
3176621688
3850173026
3312030931
2536895766
1748705434
253661040
1646440651
3617698707
2396349279
1833061198
259346069
1449902148
4098077002
1413351882
814199418
607436629
1448430014
2066619590
1817651842
1906657742
105895264
2995376126
4244280214
2206871806
1935865758
1718295027
2669990440
4290709089
10728036
2239199413
3697763310
597329259
3355993164
4179331034
974862951
2238966046
2387323642
1847995287
3853089836
677879566
2976382715
3418118075
692840069
322285839
2532413137
2657109031
1269700501
108348787
3326102488
1606638526
1839242409
3004806533
2470505035
2565951228
1035170868
2155667219
1444565004
888069612
1125605580
706497544
53418228
1518597578
86250890
2009902717
1827626416
4053497816
910809548
2037268827
1179643011
1676531728
4094479531
2358991028
2623777621
527598501
3098945529
2492599308
1737682527
3733934909
1086363712
330764538
2138515372
1879696087
2851578449
1383495058
1520513106
3931051195
1266610368
4099391626
52397721
271796630
2937573964
2794192602
4224430596
2051569167
2179593599
4219508579
404602713
2510853598
2208431860
4189246764
3576859689
1336412861
377653138
676719753
1096630192
3638792725
3675715940
3549661026
3502309214
1133158151
4259049254
2370517350
1050200728
331970469
2728988942
2620453928
46494080
3332550698
2379426952
4227229807
1208228762
3336194522
1452809491
3488985263
2266719355
3549949167
3279376183
2135844815
4043496694
636068271
1755159626
3486932462
481397395
70878995
3819294762
960417562
4172077685
3029953735
491250714
88465004
1664215995
2325650566
3053259969
1028909382
3625799781
4223550303
1525013622
3951232352
1418464479
3684608097
2668759897
2550694704
3097937416
3319937888
3674684193
2826913245
3899533504
1764741993
3485457199
336305686
2133270441
2604747522
1812655676
3587842489
1936447237
2026891078
326589617
3941522676
3832728523
1121141304
2507107985
2741835855
3550756125
215788128
3158185203
3156269631
1294500604
3817394595
2518934182
110271740
325485990
899435449
4164326469
442325762
4071373329
2485173539
3749556667
22191399
2256886124
3864502208
2351425784
991026205
566404205
2885881158
1995123254
3719530586
1953361780
3477102602
4060447686
1382905170
769420103
3652715152
596819592
3542358517
2878059176
3148156510
324739602
1038453736
1419448504
4251811878
4050147189
1215498865
2053213309
1085426528
3882759508
2570933394
311205484
3664020911
4137194670
896290384
2123413381
4031357862
1452830936
2991800473
1013791258
2938320663
391103067
2531147217
2689024656
1344807906
308645397
1666601651
3331954682
2181005070
424882323
3542237003
1971328767
625376596
652905669
3902887884
893004686
265570475
2638691430
434249980
3189076268
1845195769
527878108
3151371929
3759970625
4078163716
4042528699
2540939272
3595591792
3128795155
858422574
3771340895
1880970480
3463837032
476210376
1422523769
4646740
233373921
1541885165
4114864639
2117837973
3563559233
3544851736
4279881930
3077832980
3077690362
3329250043
2810339385
3880626718
971027947
3306525595
2508151528
3731865435
2752687885
4000809387
3534804406
3691609865
3048304282
1460690973
3936691827
2753550138
3824720894
3701224868
696494906
1433475156
3139265320
3220085946
1557820205
3016102133
2797118205
2162304486
1387631768
1406734395
2839317356
3057988981
3074721194
2735878159
4177419629
2746735779
3258126294
2991382385
3324678907
3605654232
2946997448
4128901579
4077504252
3554607315
3959198150
1753007204
1425886222
2255930443
3945605592
1239697165
1505795551
1274086910
2455924281
2768000694
3742728457
2597449301
1144816961
2348702073
1190473557
2620201468
3651144029
1661682358
3967651358
3132121971
1079625817
3837345060
206642334
2271029858
1253598263
2767326159
1647904243
1902377008
3479263503
3731783147
3234424112
1977702758
3429410502
2302468743
436916913
870699023
1752398473
1918721800
886537006
1698156042
3949372966
2727191293
2287443993
3889130987
1423031356
4066376844
1353517692
3848110185
2137189898
3424322302
1606523187
1510451897
211314658
1774588202
3829861425
3478119785
904367529
1106510276
2372845880
2346043508
2053506490
1722993663
428900736
289846404
2336355021
92407737
2262987632
492697281
3298985291
3895795003
833869440
642715533
934686772
3694933394
869574520
1302135990
3311528906
2557856398
2406108213
3252162306
1431195383
2540057310
2985245387
1140988368
140799588
3985825195
41477684
2589599188
2361404807
1093392148
838134337
395898502
1689123946
458625588
1750070978
2386338288
1936659435
756692789
3865855500
1588228644
3824003946
663849037
3748910433
2258837013
2780918205
3828017267
3234968622
998688940
4283570761
1791596037
610806768
2218598325
434221231
339664659
3442533162
1614488620
893250212
1545888499
3271808223
4018516468
3892114403
2494588880
1255232732
3087715413
2273432465
2280737054
3084269121
3456650246
2444340715
435973854
85480902
1721321525
1119763924
3165802126
3219515404
4224533120
3030943727
191717032
2973085371
1998772961
1254175796
2986835162
1722308532
523411282
40745534
694456618
1316926688
859570985
2815518245
347228139
1859534255
58813022
1429265968
4016229406
3290740316
2541987714
3323113372
1833077159
2768740197
3464714863
4135034507
1249823324
4177316684
1524089207
2133306522
396842952
3922074884
2168331230
1542748721
3270195628
3708534844
1123923932
2397271733
1040921274
3453722652
1887375316
1659894424
560780529
59576878
2911725373
1009445512
2597785056
624472591
2128344718
2661178959
859100583
1777645381
3143299204
3303545110
766494595
1706437011
2905025904
3674744025
282036903
3677969999
1918947564
2490271413
3046761065
185510290
3227154093
723551942
2719549572
1020394063
264945797
3549400362
2324297179
3745670967
2428792562
2496267917
2813339656
1897045431
3187325767
2492114990
