2024656887
2915817319
824777245
11340341
1447821731
2566719718
1504031267
2290349799
2959123241
938749597
3378072628
1332176994
159099003
4264413460
2864587679
3688443239
2020252446
3732083978
4219508579
2046751992
40745534
2550694704
2255930443
810180368
330764538
701848105
3237383375
3138242355
3158185203
3480260143
1678430295
289846404
3691609865
3931051195
1827626416
2842534107
44060036
2490271413
3030943727
1677607138
2475699815
3469376405
4077504252
2857344475
282036903
624881903
2782244888
3726613976
1658344327
1716586508
536769497
1504981676
2293787755
416521027
1544019340
2780132468
2022619830
3489009024
2122024421
3464714863
296083289
498998339
2455924281
1906088407
1879696087
3368217301
434488359
1028684462
3189076268
4061375549
1850731145
2607462358
3537214277
3336194522
3828017267
3449872775
1465060325
3012426601
3616319996
2496620625
694787671
1756304277
3429409220
87937369
2044926763
1444565004
3563792362
4163587601
1258848546
904367529
3018238997
2287327898
2051569167
3503499724
844086813
1348555135
3234968622
2718479386
2392247193
1431195383
885579922
4003253
2490574164
2066619590
3640325492
1983333974
3952663938
3153648102
3084269121
3550756125
4193490688
1172644546
3646569986
2570112902
3046761065
200852737
3087715413
3772850329
3172250881
2793936300
1013791258
339664659
4167991881
2168331230
3296226815
623720801
838134337
2581283971
153831832
597329259
734370379
1387631768
4101309917
324739602
2637411510
168470924
951328272
2379426952
4227229807
4224446605
364930790
3074721194
3711891194
390498354
142991438
2953643785
1038453736
182843007
3832728523
4269243363
4066314191
347228139
3192842688
1103373889
368044905
1254175796
107698245
2386338288
3489738948
209512460
2015704745
1887375316
3218815255
372642770
1557387235
2361533111
2885881158
2455845008
1560475098
748146452
4126793119
3581198714
1864762516
2108089280
3771340895
2218598325
3163393770
3032490582
3839670742
2625021354
1506063459
1529405332
2763838004
1354411109
3801228235
3731783147
3934148010
1449902148
1526636609
1004726367
1777645381
3874931042
2203943775
3024532039
368848859
3871485386
1879308612
1603568458
3314098705
2411161648
3355993164
4189246764
2952002073
2752687885
859100583
3287273802
253661040
2799878304
2946997448
3562838732
2018799247
4200324709
3731865435
3306525595
2441592433
3968285352
1622294839
2557856398
325485990
2581421047
3942485002
607371793
396152094
2995376126
2880587926
634296400
1040921274
2243946963
3685379620
3732627030
683183578
1764741993
2283923187
1722603252
181779472
779042451
3949892272
2053213309
2481482581
3013275392
305320071
911311690
1125605580
527878108
1817651842
3652715152
826926591
1261271580
2937655882
3053259969
2661178959
1165361924
1945212968
2435837923
777619397
3873246148
3485350011
3675715940
677152014
2876107897
88465004
4112621380
2265301200
211314658
3583858507
1722308532
1307961168
2586348643
1661682358
4053497816
3819294762
542539438
2248974843
2622319181
2775668188
341051344
3359356656
2436764599
1541885165
2504110412
640323917
2148339078
3480975258
789748240
3495818564
3396716676
1277947572
296314829
991428866
4024872715
4161720216
1479862846
100206310
2543001868
4282019580
1195410745
581655354
3753583176
2434132259
1812153363
3664020911
326589617
1296715983
3857195576
3039159884
3133422961
2810339385
4279833491
4284048608
331970469
1142910752
3303545110
3768387090
3461844320
341058399
870699023
3915658415
2577361156
1106510276
3864502208
1918947564
4167935162
82066307
3362964060
3659501484
2215612535
3201694970
2387323642
1314603564
2397650165
511857239
2080571489
3985606537
1425886222
206642334
2151467507
1841466465
3781188430
2940906971
2755347468
480338765
169651375
2589599188
3060042925
1133158151
1013589491
2163780658
1960041251
2266719355
1859534255
458625588
870897543
3160528641
1307819508
2587679358
829439070
442693546
2447825792
2344333600
1088270559
2137189898
786544183
3941522676
2348053690
2363875605
1644309505
2480600394
3876649184
1737682527
1768692511
3225351618
2991800473
2530679352
1897045431
1429265968
2109263401
53418228
2515979951
1291515204
1497488178
1537608176
2279142182
2287443993
677672203
2138515372
271796630
1590903009
912108661
1845195769
983365930
2560914880
2262987632
3098945529
3835824946
3870876550
4227587668
309209456
2938320663
3104643149
376723024
1423031356
4074422985
3438741348
3397114375
975569097
979209761
3867046855
1829899535
1606523187
526295265
2492114990
3624796266
2905025904
1274237866
2569123363
520900899
2839406005
1676531728
178041181
1406734395
2802539097
620889369
767443105
886537006
1703116521
112166434
435973854
4142503910
3284652867
391103067
2616775351
934012015
1531171418
145324113
1294500604
2053506490
1918721800
113758629
3168755174
3764335465
3742728457
3345734507
3334310879
1613634521
3304686512
1839242409
3996069892
1647658981
1902377008
376657226
859269912
1520513106
3733934909
940227148
1334624436
1278694021
1888632588
504362668
679759364
3532637184
1347125628
3532229145
4232806580
1935490243
1143931807
3165802126
1476025556
1908262013
2532413137
3542237003
3532709160
809072026
933559951
3740680860
947035365
180341550
2767326159
4139537637
1794911128
4146959702
2662989538
4222937692
2918963439
3462160059
3899311713
1518597578
2629939203
1169119083
428900736
2097856420
2623777621
869574520
150368852
636068271
3163541465
3736664503
58813022
2334206006
1556537670
1082665764
625376596
267989673
1166421944
1382905170
2098264166
2278286820
3337564969
490052995
92407737
3201770113
1874721938
3242507143
2364535593
2149501488
74782131
652321402
2028028580
2361404807
3872005714
3745670967
696494906
1367470327
1050200728
3068678959
2249525087
4201106871
13317052
395898502
3848110185
2469926936
2958761272
814199418
1302048123
2171820085
885894528
626906174
4078163716
404602713
3323113372
527598501
4233157654
3687214038
2133270441
3694933394
2605844245
2297295777
1546157543
434221231
1573051559
1105006429
2348702073
3132121971
4231198665
2003233877
3324678907
4002507530
2065657198
2570933394
4224533120
1104422628
545140827
1536303104
1384039220
1784445928
3207344412
1002894806
2730815103
425970461
3507232306
2121891805
215149692
1973833645
336305686
3250354823
2621581337
647348777
3270195628
97634230
492697281
450154999
256201877
3463837032
273701476
3020029153
3271808223
2727191293
2139209036
1558814835
3697763310
3275795862
660253947
2661101390
3617698707
525034566
2881985242
3906279426
1557070495
3559395900
3203589580
1378385941
2273432465
3968944006
692840069
1734639980
2809323451
2083466060
3605654232
4183027129
2608220207
3303624762
1567179188
4249951560
3456650246
2385589726
928901340
2469878020
1097875334
3850173026
674762852
1388399428
2899386213
4068675418
2693314432
4143107648
3428426893
824003539
673855318
3951588890
4140710202
2484590654
3151371929
3559205221
1051657831
2336516775
376048062
3549949167
2821637646
3560499468
2905685162
416503281
3885334932
802955254
934686772
228290246
888069612
1827151112
177339056
3824720894
26342422
2492599308
1452830936
2794192602
1176604093
1425509806
4018667697
344269999
3488985263
1123923932
1117492266
1935865758
1670838975
1650340034
2059107661
3728647487
4173917544
3457755755
1525303131
1751480356
959820751
189360935
3744393607
128125626
3554607315
4016229406
859570985
2851578449
2325650566
2509066997
2809375046
2780366422
1548005561
3329250043
2054171343
2661378157
265570475
3703663905
3086193490
3837345060
109677683
4066376844
92565488
1785782006
4215063678
4114864639
2427880799
1718295027
3870889542
3304253168
1505795551
1742195308
476210376
3882109306
1830859028
4072191052
2692415380
2918363467
3338309499
647971523
3057988981
1246802434
1266853322
1782095928
2671730146
769420103
2507107985
3216660114
3201135301
2830065820
10728036
2197996879
63725508
1641631752
665627263
3956571539
107935613
2098768165
4031357862
1723430291
3429410502
1375978793
1855454452
71973234
375877945
2832824115
2200084279
1259922642
3260381770
1767715297
2732780676
1877684618
2980524900
638284307
3719530586
2388577668
267842058
2999856330
29931867
1614488620
1195223045
1212820061
3478119785
1726666224
3362072295
3424322302
3651144029
3899533504
213335325
1460690973
1538136131
3056496877
2167255594
1603170110
1303767813
757619082
3777295871
945809437
309197706
2906351586
3109648055
1678045823
2346043508
176605889
1028909382
1087298370
732899790
2318756258
3985825195
2815518245
3501721118
2470505035
366818079
619016806
1891482189
2437170863
3275218656
714529524
3188843711
2558531992
113121178
3141331592
4036371781
224965813
1178209527
511308298
2608235425
3617361428
610806768
2186343259
1012375618
165018059
115990621
901299313
1093392148
1268470656
2615694902
3759970625
1644861124
3319937888
33736057
2638691430
489097547
3946466534
3587842489
70878995
335455502
1164861071
524715563
1612489437
4057365107
2280737054
2440553478
1936447237
1035170868
158640056
3865855500
3311528906
2691903631
1116588610
449609770
3244012867
2372845880
3707028884
1375057718
3493057494
4075603869
4091646786
1130460319
792614227
2572169004
3442533162
1084486898
1985516615
1765492219
806480418
2490850085
3542358517
4171095315
1904225580
3367650254
3426183113
2252214631
4246183162
2986270023
638168241
4128901579
808294521
2966328820
2151509334
3919969802
3664042467
1557820205
3221995449
1927301799
4224430596
1529391466
4054900380
753813901
3755793029
434249980
1746166687
2746735779
3627827753
2133306522
2767664103
1709574182
3039901962
497870715
1459964234
3033395470
765167979
2019892566
2547304850
566498560
2372647393
3880626718
178651310
2410494888
1502243484
1490244055
2820783595
1400326269
2477309406
3650821463
2548543893
1461308638
3777149998
3187325767
833869440
1703545013
4016995268
264945797
2358991028
3220085946
1019430579
4175603528
3373245789
4172077685
2036377567
4177316684
2991382385
1531615123
2040217841
1117361192
462494704
2683615288
864298998
943718301
3902887884
3955843496
722563469
779162887
4231733118
60612428
85480902
2826913245
1812655676
815315878
2597449301
641070736
387445557
3343942613
1171797088
3836739612
3156579406
2556699336
3279376183
2597785056
1646440651
3397219212
2538919007
11943292
2090173285
1286671775
2444340715
2012026632
4145670277
3638792725
3701224868
806727758
409514453
379677390
454297464
1082591956
3238196342
1433475156
2530932856
3252162306
796739553
1246626043
933831851
1924196192
2841808656
4205258367
3477102602
2947917201
1719776527
950702776
982484811
215111925
3951232352
442325762
1745732011
4030506789
2479953750
642715533
3687517821
1868615696
3890197820
2030054462
2565951228
3110826149
3760831283
1774588202
2139301976
3817394595
3153975178
3048304282
566404205
3583322939
2072240933
998688940
1180134227
1934246813
607436629
2410407945
2861497615
1697944783
1205664021
3199667842
3924490793
3387993595
258027917
3967651358
924259603
3295980651
375720624
3502309214
893004686
3312030931
200354973
3172703788
2248929238
691886557
1140449293
3548637673
329807127
2512945281
2037268827
3878157863
974862951
3328458132
2399492744
4094479531
2328543636
2338627393
481397395
2280289646
3339741647
1569657002
959290081
377474930
4099391626
2510853598
1119763924
76438935
3681631381
3521159632
89637298
64092030
74294498
427598893
2695853930
1835489622
3202723468
2872050745
3335780498
377653138
1820866003
2797118205
4123507850
3824003946
597752094
270031150
3163594538
1588228644
663849037
1752398473
1440537582
1456430985
3515641631
220887739
2428792562
2754246172
778765559
1654089056
2041575276
937772835
896290384
1121141304
3916646233
2383459912
3077832980
2883762558
3525503074
2626276973
2690161683
1472262122
2028805796
4018516468
493511651
1616262169
3215006480
3185333113
2676098721
1546104377
1911482255
3882759508
4084395132
2878059176
3549400362
3877379146
1576224571
269259654
1525013622
3798996852
1217004843
1659894424
1341339532
4098077002
2324297179
1780646606
2290615478
1190473557
2828988202
1274086910
1753720422
3290740316
2794265026
886995462
4262145542
4164326469
2713141511
4271960965
189207389
3129009441
1975307650
408455883
3522926594
3412978571
3489581041
4196145006
1998772961
3260594755
3996909993
3677969999
2336355021
2734689910
2720921630
532925408
2657109031
3486932462
3097937416
155064828
1763343402
1879452938
1542748721
4137194670
4244186396
2496267917
1953361780
2780118855
2728988942
2753550138
1713964051
3148156510
2851955958
832603302
2117837973
1476653507
2761048584
808539750
2196440863
1892507886
1130601231
3396002092
3895795003
1879317622
3448721674
1336412861
747750685
3572317244
2493610993
2540057310
4055006120
1253598263
2735878159
523411282
1871675162
2289821240
3479263503
3128832901
480042730
1212932624
3487958667
4135034507
1979480595
2403128572
1153238977
976356113
2406108213
2097850244
2357870240
4095029738
1419448504
1383495058
41477684
344297746
1373010257
3340993109
4058604433
3427409235
3819333775
3116585926
3240929780
2297898402
2593208275
3563559233
961169106
2851207875
2568819355
902012573
1302724340
3143299204
3806398445
3674744025
1051198661
4123072754
3850799893
69086098
1301627154
2445296690
801319011
287921610
4646740
652905669
2323872325
2338324662
2954954143
1972541574
3318343342
2361362757
1289563234
783021102
2449094561
1956588335
1995123254
1095894979
723551942
110271740
4290709089
1748705434
2621647501
2026891078
3187370039
1085426528
1706437011
3473524025
3966348292
4117229032
3240785276
4165566893
3959198150
3161302203
1199116491
322285839
1133001306
1972129014
2728250599
1666601651
3509104796
2247118504
1094879459
1418464479
1018005303
308645397
2536895766
2584853409
512574384
1667735473
1302135990
1395246421
2046176090
1833061198
3390414227
4035562923
532070032
2256339732
1269542152
2498439772
857629562
2232794498
756692789
764432065
1336036658
2368501770
1805675557
1324569502
3129894645
1651579992
455813081
3326102488
2937953357
4060447686
358286753
296284854
2008315239
938755807
476931212
2178420447
2739601944
992674144
1140848367
2934097965
3573227658
3485457199
793200975
2839003053
2208431860
1676303374
2553123033
3713534743
3967802493
414452265
4111325041
893250212
1461368679
3748910433
4096820034
2865067754
4169954134
1618233546
1750070978
2294509371
711877989
3402554157
2780918205
2697637622
3102387934
1414872844
2427774074
1477252012
2229950158
2668759897
1435972903
1268523032
691922299
2508151528
716549652
2006700205
1353517692
1883368654
2185340595
2909404712
953218250
3319644132
2128344718
2976382715
1586052047
3543204922
582364168
3327162027
1382379752
971027947
1753007204
627674897
910809548
2651684339
972691286
1408642922
3844140983
2004207983
1009445512
198104941
3139265320
3647070644
3762703235
1269700501
2172940318
4251811878
1115481506
1524089207
1047914296
3369277408
2056309275
1245057921
1452809491
2541987714
4106450023
1249823324
1346363777
424882323
2720654121
1666392091
2466046363
52397721
4071373329
1075351916
1271033295
1036203708
3194007225
3889278475
3708534844
2795583238
1689123946
3167888497
1724850177
293713262
3308442440
1413351882
3301026080
3684608097
1009905322
2438880310
1217477368
4029974537
4050147189
2410802623
4123124185
2696451534
22191399
168833126
3303838960
114899184
2135844815
1681401548
1971971972
3258126294
941431860
3059640577
1057173941
1096630192
3582253639
4220209378
2920127450
3029953735
919752232
2563313484
189160688
2232112217
3635664607
1805845915
712073652
1698156042
707927308
117720278
3294654272
2048265504
1845825209
2178791963
3077690362
3156269631
3889130987
3176621688
2883475064
4238265702
664153360
2915096892
618246392
105895264
2460381798
2501638175
799635887
3625799781
46494080
1094670148
1791596037
413910863
4191656587
3576859689
1908143210
3127048494
1777680877
1187463765
960760926
305152236
2681235806
1975596511
1025265129
2302468743
2465173537
603095830
596819592
2732830741
2258837013
1671291853
2798212469
8785691
3010856283
3298985291
3549661026
1039182563
1459284649
305101752
2413888034
1132297038
765688458
2392326857
2888359875
3859825215
2085508136
109454808
3335451812
3239069834
1167650541
3919334786
2897377266
4023793016
957176622
1179643011
1536658951
3013617022
2651489801
1237708996
2540939272
2109299850
798120215
2773343225
568440982
3922074884
868599447
1589542662
2586537623
822961474
4287160193
3488486405
4179331034
332284668
3884015124
916362094
2239199413
2814100617
1079625817
311205484
3804922515
3944268737
3103144308
1827243377
3154638975
1865199254
1271819130
1847995287
4278146423
3707540731
1298611933
647382626
3139274536
1901348744
3581755700
450306455
4115208111
3016102133
2627142799
4105233324
838542810
211713723
4127969449
2552240617
2624498059
1115952008
3451042269
1304643943
4283570761
90711686
764520264
7143189
987719637
4020499186
4013386850
2421664513
2701226232
1344807906
938355286
2790742955
1871874877
2973085371
3138807119
233281390
481259017
2091088734
3421594215
159721286
106310815
1417061937
241354569
208289456
3847808992
2719549572
3472609688
2531147217
222523001
3507369254
2320212322
3853089836
2485173539
2937573964
3068697362
3030051271
3331954682
