3719530586
3426183113
3165802126
1447821731
4003253
3418118075
2605844245
1302724340
1972541574
2581283971
2477309406
2041575276
916362094
1167650541
1367470327
106310815
3495818564
508689205
902012573
3163541465
3955843496
824003539
1722308532
680021009
3218815255
2775207739
3373245789
2213304029
2208431860
259346069
2720654121
253661040
3456650246
2798212469
674762852
2122024421
4279833491
642715533
3154638975
1676531728
1274086910
1723430291
1086363712
3906279426
864298998
1827151112
409514453
3582253639
2509953825
4127969449
2795583238
123154253
2696451534
1879317622
2290349799
1497488178
3033395470
2518934182
3488985263
1659894424
3138807119
3479263503
3850799893
2589599188
3944268737
166255118
2568819355
1586052047
1796029449
3160528641
1833077159
2768000694
331605392
3711891194
947035365
1827243377
3559395900
933559951
3694933394
3801228235
3686953707
1476653507
1171797088
2897377266
511308298
2507107985
3477618714
1164861071
3583858507
366818079
2410802623
1040921274
52695609
3890197820
1722539301
2528047920
1698156042
3424322302
3359356656
2821637646
3945605592
3525503074
2954954143
3895795003
2324297179
716549652
3250354823
458625588
3548637673
185510290
3674744025
692840069
3549400362
3951232352
1082591956
3084269121
756692789
1525013622
607436629
3617698707
1612489437
2532413137
435244060
1891482189
3824003946
1176604093
2577361156
779042451
3635664607
677879566
73783367
2653438530
1235452314
982484811
3647070644
3132121971
3087715413
1817651842
2975955864
1145017084
3056496877
1459284649
2162304486
1423031356
1435972903
63725508
1734639980
1294500604
2693314432
2383836357
1079625817
597752094
1580580328
308645397
1009905322
1117492266
2915096892
1004726367
2802539097
4036371781
1121141304
2273432465
4145670277
1020394063
2864325627
3781188430
869574520
3759970625
64092030
1419448504
1448430014
1130460319
4164326469
3402554157
182843007
1589542662
314041963
376723024
2090173285
1115952008
2492599308
180341550
3312030931
2271029858
1918947564
1085426528
1217477368
404602713
2501638175
1545888499
934686772
4053497816
2278286820
1303408562
1784445928
473465726
3912497560
1140988368
693432872
1651579992
2626276973
44060036
3139274536
3172703788
2851207875
2876107897
4220209378
1936659435
2372647393
3859825215
3587452388
603095830
532925408
41477684
2316015842
1788839607
2200084279
3396002092
4244280214
2793936300
4142503910
706497544
2484590654
2925530521
799635887
525034566
3240929780
2289821240
2196440863
3651144029
1179643011
3853089836
2364535593
1641631752
3156579406
1440537582
1751480356
2397271733
76438935
3271808223
271796630
3902887884
3576859689
3240785276
2080571489
1259922642
1746166687
1622294839
719139061
3153648102
3522926594
4244186396
934012015
198104941
1246624345
2727191293
2012026632
832603302
1753720422
4167991881
732899790
3462160059
286903519
3220085946
75336136
4223550303
142991438
1697944783
3473524025
2556699336
88465004
2624498059
1002894806
4002507530
979209761
3581198714
74294498
2346043508
2154383903
2241283141
1142910752
3089624800
3219515404
46494080
273701476
481259017
3225351618
1753007204
1035170868
3133422961
3242507143
2540057310
1119763924
513538670
870897543
3148156510
2713141511
169651375
3324678907
795441010
3215006480
610806768
1212820061
1190473557
4278146423
3304253168
4189246764
1269542152
1956588335
3777295871
4143107648
1918721800
1476025556
372642770
3018856000
2980524900
1613634521
2351425784
3387993595
3870889542
316662180
3919969802
3221995449
376657226
868599447
1971971972
2109263401
566498560
2905025904
3868064745
2650533993
3172250881
1132297038
1777645381
1504634575
1344807906
3129894645
3194007225
2379426952
2996465085
1187463765
2008315239
1009445512
3966348292
1709574182
113121178
2811061209
3625799781
1347125628
1416584342
613162088
676719753
183230492
1461308638
1103373889
3489738948
2040217841
2668759897
2985245387
1618233546
3013617022
4066314191
2998240880
783154228
1646440651
2280289646
1144816961
3335451812
618246392
2882075732
150368852
1557070495
2744048264
1847995287
3469376405
448315026
624881903
626906174
4161474298
1266610368
1438760543
2780366422
2883475064
2137189898
1689123946
1827626416
2945946028
3878157863
2347300416
696494906
1737682527
947021330
1542748721
391103067
3521159632
58813022
2258837013
1316926688
2704163363
1750792644
2361362757
4072191052
3279376183
3139265320
2820783595
3106471623
3740680860
269259654
777619397
1336036658
1829899535
4163587601
2826913245
2410494888
3889130987
135073898
4276898774
2851578449
523411282
3428426893
265570475
282036903
3334310879
2780118855
3203589580
2728250599
4137194670
938355286
2392326857
2937655882
3074721194
2881985242
2020252446
527878108
4271960965
2767664103
2509066997
3560499468
2479953750
1906088407
2232112217
2004207983
3260381770
1995123254
2232794498
974862951
4060447686
74782131
38281420
449609770
3829861425
3231592574
4165566893
2018799247
2626030939
3341858614
1075351916
3877379146
2445296690
3275795862
2334206006
3336194522
704573554
1703545013
3819294762
4215063678
2878059176
1658344327
4136088296
1722993663
69086098
3860632686
2490271413
1855454452
2248974843
2570933394
3882759508
2991382385
1097875334
2279142182
385414562
325485990
1289563234
1998772961
2036377567
769420103
2121891805
97086905
1456430985
2444340715
3487958667
536769497
330764538
1992037544
2392247193
2586537623
570403175
3214034020
1616262169
2560914880
2758494648
481397395
3294654272
208289456
3777149998
2587679358
3507232306
829439070
3288201815
3857195576
3880626718
2538919007
1140848367
1979480595
2623777621
2108089280
3850173026
2266719355
1864762516
793200975
3748910433
1936447237
3848110185
228290246
3442533162
3819333775
941431860
1567179188
2586348643
3488486405
1639920408
914396298
833869440
455813081
4112621380
747750685
3733934909
4075603869
2294509371
2435837923
1606638526
2328543636
2028805796
2403128572
1879308612
3864502208
3874931042
1524089207
3032490582
1307961168
3306525595
1883368654
524715563
3338309499
296284854
1303767813
2470505035
859100583
624472591
4238265702
1208228762
4030506789
3319937888
2151467507
896290384
3449872775
2697637622
3020029153
901299313
2637411510
3010856283
2557856398
1008446160
3837345060
2569123363
4232806580
1461368679
4224430596
4035562923
619178879
1271819130
3828017267
2097850244
276432797
3949892272
3287273802
1266853322
2287327898
2141458217
2117837973
3453722652
2657109031
2563313484
3029953735
1028909382
140799588
2206871806
3724289388
2498439772
1541885165
3760831283
375720624
2720921630
1677607138
2411161648
3664042467
1716586508
396842952
560780529
2248929238
1408642922
2475699815
1018005303
2496267917
3563559233
2797118205
3870876550
3447903093
211314658
3563792362
2061180096
4279881930
450306455
3934148010
2864587679
987393114
4106450023
3529796126
858422574
568440982
200852737
2358991028
2627142799
3931051195
2163780658
2168331230
2966999234
1544019340
899435449
3552213443
1195410745
2888359875
2322375895
416521027
1908262013
3617361428
1387631768
2905685162
948477484
2536895766
3966998094
1845825209
4050147189
2388577668
987719637
2139287338
677152014
1288134514
3731865435
92407737
390498354
3659501484
3836986623
3128832901
222523001
2838898600
2440904686
178041181
4283570761
247968996
3847067228
1365152406
1845195769
2053506490
1382905170
71973234
341058399
3386487173
778765559
3485457199
1278694021
3274262895
213335325
1400326269
1425679446
341051344
3480977444
707927308
2151509334
2830065820
3244012867
2669990440
765688458
3323113372
1301627154
2028028580
168833126
2186343259
262749243
3532229145
3677969999
3397114375
1742195308
3016102133
998688940
2689024656
691886557
1536658951
480338765
3270195628
2705618799
3559205221
2155667219
1666601651
3543204922
919752232
3068678959
886537006
2751433125
3043181990
3549661026
4111325041
2907745008
3396716676
480042730
4115208111
1028684462
1908143210
3472609688
1637355643
4173917544
4179331034
2490574164
2437170863
1444565004
2937953357
647348777
783021102
3701224868
4096820034
2752687885
3806398445
991026205
4146959702
2290615478
2197996879
1859534255
1106510276
1249823324
2336262864
395898502
1477252012
3077832980
90711686
2026420722
3339741647
2814554321
2734689910
2810339385
801319011
1292979992
3899311713
1205664021
684747623
1644309505
2597785056
3457755755
1960041251
4177316684
959290081
2085508136
1654089056
2481482581
3187325767
4167935162
3345734507
711877989
1897045431
2572169004
2178420447
2531147217
1676303374
2065657198
664153360
971027947
1569657002
3537214277
435973854
2839406005
2872050745
2885881158
109454808
764432065
2842534107
1647904243
1706437011
377474930
2625021354
1367214681
1650340034
245660566
1614488620
664752325
1765492219
145324113
953639220
4193490688
3486932462
924259603
1892507886
870699023
111701877
3103144308
2338627393
8785691
2719549572
2671730146
2265301200
1911482255
3098945529
3936691827
339664659
3882109306
3832728523
491250714
442693546
3448721674
504362668
2915817319
326589617
3303624762
1756304277
3167888497
3012426601
2455924281
3362072295
3235801827
937772835
189160688
2661378157
652321402
928901340
984887785
972691286
3708534844
3946466534
4078163716
396152094
1667735473
3028796282
1506063459
2607462358
1336412861
2385589726
779162887
1752398473
11340341
2229950158
3847808992
358286753
1099112122
2009902717
3755793029
1123923932
2880587926
2449094561
2427880799
719421409
2581421047
3819260179
4123124185
2139209036
2022619830
3284652867
2871746964
786544183
2662989538
2651684339
2857344475
2348702073
3412978571
311205484
2946997448
640323917
3804922515
2753550138
1346363777
3128795155
2909404712
1013791258
2718479386
2638691430
2604747522
4020499186
1681401548
1902377008
4140710202
2782244888
1576224571
3187370039
2552240617
2758707424
3215835959
2690161683
3480975258
3477102602
1985516615
3889278475
3762703235
2053213309
2991800473
2828988202
3275218656
4074422985
215111925
627674897
1764741993
1084486898
1217004843
2283923187
3952663938
1133158151
3753583176
679759364
4262145542
2076247669
329807127
3355993164
2302468743
3588716120
3808402167
324739602
3478119785
4143320573
3884015124
4101309917
434221231
2649306672
2368501770
2465173537
1459964234
2802098414
209512460
1774588202
376048062
512574384
1835489622
1348555135
1780646606
1636129590
3836739612
4123072754
4126793119
2906351586
945809437
2135844815
2543001868
3170320453
4259049254
660253947
218109857
597329259
2676098721
2512945281
2768740197
2256886124
2510853598
3521369408
4266523380
2243946963
3427409235
1088270559
1722603252
2406108213
3919334786
3872005714
2372845880
2348053690
3703663905
1548005561
427598893
2326232647
1901348744
1466255867
3892114403
1678045823
3616319996
1433475156
2780918205
4172077685
3532709160
4095029738
748146452
3290740316
3684608097
1302135990
1721321525
2410407945
1051595826
4196145006
4219508579
168470924
2937573964
1900598881
3542358517
1125605580
296314829
4231198665
233281390
3161302203
2434132259
3335780498
1212932624
1239697165
3260594755
2811192798
3143299204
2899386213
2019892566
3304686512
652905669
3887124538
3885334932
3156269631
1096630192
4148569144
3583322939
3973705542
690849662
1953361780
968668661
1038453736
2794192602
2011224851
10728036
3985825195
1078357909
607371793
305152236
4123507850
810180368
3059640577
1805675557
110271740
2608235425
1661682358
976356113
638168241
4071042236
4282019580
4031357862
3466970792
1743493727
4084395132
3681631381
2133306522
3018238997
1375057718
443364658
3426816011
3881903999
1460690973
489097547
1449902148
3968944006
413910863
3424519397
2361533111
3074144108
498998339
2566719718
886995462
2496620625
2098264166
3745670967
1314603564
3736664503
3327162027
2691903631
3550756125
2661101390
3451042269
1575827384
2003233877
4029974537
3369277408
4233157654
1413351882
2742959081
3646569986
3967651358
493511651
22191399
3956571539
1153238977
3234424112
1972129014
375877945
2056309275
1713964051
3951588890
462494704
3697763310
59576878
1105006429
2102543219
2959123241
3971523744
1504981676
4091646786
2934097965
2541987714
3996069892
4057365107
2767326159
3110593254
293713262
3328458132
4017932238
211713723
822961474
231335311
1479862846
1013589491
959820751
3397219212
933831851
377653138
2799878304
3489581041
2336355021
893250212
1254175796
215788128
2438880310
2280737054
1176954132
2361404807
178651310
2148339078
857629562
1246802434
3768387090
3077690362
824777245
3664020911
3367650254
594735110
1763343402
2999856330
7143189
1332176994
258027917
3740224888
1536303104
2167255594
1199116491
70878995
2172940318
3726613976
4646740
4290709089
4068675418
2918963439
3985044980
1538136131
1169119083
309197706
2741835855
2485173539
2046751992
1935865758
4264413460
3318343342
2681235806
3503499724
3068107113
1719776527
492697281
3176621688
267842058
3694053417
2593208275
3839670742
625376596
2072240933
158640056
3627827753
1094879459
347228139
2199989491
1525303131
951328272
2015704745
960417562
200354973
694456618
4251811878
957176622
189360935
1075863395
838542810
1047914296
2051569167
1778251850
476210376
766494595
241354569
938755807
532070032
2344333600
3390414227
3192842688
714529524
85480902
3949372966
1093392148
3329250043
940227148
3502309214
4175603528
3534804406
3528463452
434249980
4094479531
1724850177
3360871005
3693117342
2320212322
802955254
3685379620
1788181985
3097937416
2460381798
2466046363
1378385941
3728647487
2440553478
2066619590
1472262122
3688443239
1452809491
1373010257
624497208
2832824115
4023793016
3298985291
3326102488
755530699
4128901579
3293419987
1791596037
4222937692
2091088734
1406775031
414452265
1976417363
2988180557
861719444
107935613
1271033295
330993169
2780669808
87937369
1143209760
943718301
1745732011
2597449301
2492114990
1557820205
767443105
3852140407
4246183162
3423802304
165018059
2565951228
511857239
2920127450
2128344718
1971328767
176605889
1301870218
2607713777
888069612
2287443993
3562838732
3168755174
2973085371
3201770113
2109299850
1431195383
2413888034
482624307
1726666224
1196781988
1593756893
1671291853
2735878159
2138515372
3039901962
3612685875
3640325492
3138242355
332284668
1821125682
2918363467
1143931807
3046761065
4279958262
379677390
2761048584
2447825792
2179593599
3489009024
2098768165
33736057
2995376126
1298611933
4016229406
2616775351
1375978793
2247118504
1862230706
2550694704
2695853930
3930841971
2396349279
1935490243
1051198661
798120215
1195223045
287921610
2293787755
1603170110
4155263827
1904225580
1703116521
2185340595
2139301976
2299500502
2427774074
4055006120
107698245
3509104796
3764335465
2083466060
335455502
2548543893
3605654232
2054171343
2383459912
2947917201
206642334
442325762
2809323451
3048304282
1868615696
26342422
2953643785
4042528699
270031150
2239199413
3331954682
1546157543
838134337
2026891078
2608220207
1019430579
3668205319
11943292
1130601231
975569097
3238196342
1353517692
4183027129
1888632588
29931867
4105233324
144244752
620889369
4161720216
305101752
3501721118
950702776
215149692
893004686
1261271580
4191656587
1082665764
3429409220
638284307
806480418
3652715152
1277947572
566404205
3721755136
60612428
1215498865
1383495058
1529391466
4287160193
960760926
40745534
2037268827
2558531992
1865199254
520900899
1180134227
983365930
1880970480
1830859028
368044905
2494588880
1050200728
2249525087
3202723468
4255570773
1557387235
3030051271
478913051
2584853409
264945797
1465060325
1546104377
2839317356
3493057494
1115481506
3496128487
1644528034
3024532039
2030054462
3742728457
3922074884
3554607315
2469878020
3865855500
368848859
3702485976
1025265129
2149501488
844086813
3013275392
2739601944
542539438
3057988981
3915658415
2255930443
806727758
3856886497
3188843711
1474322336
2814100617
1417061937
2044926763
1588228644
694787671
296083289
1768692511
4227587668
808539750
3421594215
634296400
309209456
1879452938
3924490793
912108661
4000809387
3985606537
1781596000
3647150026
1036203708
2135829458
3199667842
3749556667
3068697362
2428792562
1945212968
2780132468
2530679352
1718295027
2203943775
3303545110
885579922
3332550698
2799503775
2839003053
1690291272
1334624436
2015991939
3542237003
2123413381
3691609865
1606523187
3461844320
2006700205
1286671775
2441592433
2421664513
2899242162
2790742955
256201877
3941522676
3871485386
1269700501
2952002073
1039182563
1094670148
2504110412
4099391626
1172644546
2755347468
3104643149
1051657831
1249090513
97634230
4205023610
1429265968
1590903009
765167979
3227154093
3675715940
2237038131
1537608176
1490244055
904367529
2533778466
3319644132
3060042925
4269243363
4018516468
1644861124
1529405332
3867046855
2097856420
4140998343
2258674252
1395773918
86250890
3311528906
1785782006
159099003
1436167447
1228406967
619016806
796739553
701848105
3824720894
2802584821
1133001306
2493610993
4135034507
1841466465
1767715297
181779472
436916913
424882323
4071373329
3873246148
3296226815
3916646233
3239069834
3707028884
476931212
3158185203
100206310
2399492744
3303838960
526295265
2530932856
4072455711
4139537637
2046176090
1095894979
96439573
1324569502
3713534743
1354411109
4231733118
